
5nodes [3,2 ,2, 3] 

4 ,3 ,3  ,4 , 4

6,5,6,6,6,6

4 ,6,6,4 ,5  ,7 


7 ,5,5 ,5 ,5,6 ,6,7


8,8,9 ,8 ,8,10,10,10,9,8 


8  ,8,9,8,8,10,10,10,9,8 



9 ,9,9,11,9,8,8,10,9,10,9 


10 , 11,12,10,12,10 ,11,10,10,12, 11, 10 


14,14,14, 14,16,16,14 ,14,16,16, 12,15,15 

16,16,15,15,16 ,15,15,15,15,16,16,16,14,16 
16,6  ,9 ,20,19 ,19 ,16,17,16,16,20,17,19,20,16 


17,16,14 ,14,17  ,15,16, 17, 14, 14, 14, 16, 17, 14, 14, 17 

22, 22, 21,21,22, 21  ,  22,  22, 22, 22, 22, 22, 22, 21, 23, 22, 22 

23   , 23  , 23 , 23, 23  , 23 , 22, 23, 23, 23,23, 23, 23 , 23 , 23 , 23, 23