2 1
65 2
3 2
34 3
4 3
19 4
5 4
12 5
6 5
9 6
7 6
8 7
10 9
11 10
13 12
16 13
14 13
15 14
17 16
18 17
20 19
27 20
21 20
24 21
22 21
23 22
25 24
26 25
28 27
31 28
29 28
30 29
32 31
33 32
35 34
50 35
36 35
43 36
37 36
40 37
38 37
39 38
41 40
42 41
44 43
47 44
45 44
46 45
48 47
49 48
51 50
58 51
52 51
55 52
53 52
54 53
56 55
57 56
59 58
62 59
60 59
61 60
63 62
64 63
66 65
97 66
67 66
82 67
68 67
75 68
69 68
72 69
70 69
71 70
73 72
74 73
76 75
79 76
77 76
78 77
80 79
81 80
83 82
90 83
84 83
87 84
85 84
86 85
88 87
89 88
91 90
94 91
92 91
93 92
95 94
96 95
98 97
113 98
99 98
106 99
100 99
103 100
101 100
102 101
104 103
105 104
107 106
110 107
108 107
109 108
111 110
112 111
114 113
121 114
115 114
118 115
116 115
117 116
119 118
120 119
122 121
125 122
123 122
124 123
126 125
127 126
